-3.423672984909320594e+00
-2.139220458935719549e+00
-4.160724314962274129e+00
-2.104610755061053329e+00
-3.419428334859270890e+00
-2.104610755061053329e+00
-3.419428334859270890e+00
-2.104610755061053329e+00
-3.419428334859270890e+00
-2.104610755061053329e+00
-3.419428334859270890e+00
-2.104610755061053329e+00
-3.419428334859270890e+00
-2.104610755061053329e+00
-3.419428334859270890e+00
-2.104610755061053329e+00
-3.419428334859270890e+00
-2.104610755061053329e+00
-3.419428334859270890e+00
-2.104610755061053329e+00
